1032003399
1032003388
1032003358
1032003357
1032003206
1032003205
1032003204
1032003126
1032003125
1032003124
1032003123
1032003122
1032003121
1032003046
1032003004
1032003003
1032003002
1032003001
1032003000
1032002999
1032002998
1032002997
1032002996
1032002995
1032002994
1032002993
1032002411
1032002410
1032002345
1032002344
1032002343
1032002244
1032002243
1032002242
1032002241
1032002240
1032002239
1032002238
1032002217
1032002216
1032002215
1032002214
1032002213
1032002212
1032002211
1032002210
1031995656
1031995655
1031995654
1031995653
1031995652
1031995651
1031995643
1031995508
1031995474
1031995473
1031995472
1031995471
1031995240
1031995239
1031995238
1031995237
1031992308
1031992307
1031992306
1031991952
1031991951
1031991950
1031991495
1031989941
1031989940
1031989507
1031988946
1031986811
1031986802
1031986801
1031985972
1031985971
1031985970
1031963007
1031963006
1031963005
1031962037
1031961157
1031960941
1031960940
1031960939
1031960890
1031960889
1031960888
1031960887
1031960886
1031960885
1031960884
1031960883
1031960882
1031960881
1031960880
1031960879
1031960878